113
4598
39 94 33
54 82 18
28 83 6
57 67 43
112 45 50
57 63 5
36 97 25
104 7 23
97 20 47
99 102 8
71 28 10
97 74 13
106 95 38
34 39 4
42 38 20
69 87 9
84 11 1
31 107 7
109 83 11
15 69 41
59 19 47
85 4 48
79 102 18
44 23 4
68 66 16
24 14 43
35 90 41
31 9 15
33 110 8
56 4 50
59 63 17
83 27 43
61 107 45
20 38 31
11 99 44
41 2 36
29 38 9
20 69 42
13 94 5
81 29 50
98 89 33
22 51 12
54 112 1
68 20 39
105 31 30
87 64 41
83 85 33
56 105 8
31 5 23
107 79 35
75 64 40
90 78 34
27 12 15
64 80 4
18 72 4
71 38 31
13 8 29
99 64 38
19 87 26
26 82 49
71 36 10
75 13 25
26 32 37
82 88 43
36 106 21
22 56 20
57 70 25
72 48 40
79 59 14
84 86 46
47 36 42
75 111 32
68 17 29
65 91 35
29 14 40
57 29 23
10 86 23
84 37 29
101 3 48
93 80 1
46 14 28
27 81 15
21 28 50
40 93 46
26 1 10
5 58 46
41 60 34
26 31 2
59 12 40
31 97 20
80 23 44
53 50 23
16 72 27
101 104 48
51 17 24
15 22 31
106 64 36
56 90 17
36 29 12
19 52 38
74 11 39
52 72 27
103 52 25
13 103 36
45 111 47
15 104 35
38 39 22
92 75 37
37 86 26
79 47 43
24 62 17
19 106 12
78 96 29
15 109 15
74 34 29
34 41 18
51 79 18
45 50 31
60 87 46
6 46 32
76 62 40
90 81 38
64 46 3
82 53 38
82 6 15
89 40 12
78 91 20
107 15 1
99 67 22
64 73 17
68 29 31
22 6 17
82 62 7
4 23 25
28 106 4
86 82 44
65 47 31
10 34 34
5 20 43
80 84 33
80 31 48
29 45 6
51 14 19
6 11 19
111 31 21
4 5 50
35 62 29
44 72 26
68 77 23
39 37 13
84 4 30
36 26 14
3 77 4
25 76 3
70 74 48
108 71 6
107 106 38
32 37 13
84 24 19
27 108 38
1 31 20
38 44 36
59 106 49
7 101 32
63 6 7
28 111 17
55 83 45
6 102 26
67 95 7
40 107 46
91 25 11
105 84 24
73 91 5
111 35 3
22 98 1
90 5 23
22 53 43
91 59 23
34 13 44
9 54 20
2 32 7
32 17 3
73 80 35
49 102 13
24 72 7
111 86 7
46 57 27
84 91 9
103 100 22
109 95 4
19 14 39
22 76 26
100 28 48
92 70 30
69 94 29
43 92 11
71 26 25
37 102 48
16 84 31
42 81 25
46 1 2
82 93 14
69 72 30
46 20 2
94 14 25
44 51 40
86 67 44
108 109 7
6 88 35
24 13 34
110 87 14
111 44 11
70 90 35
2 57 48
26 30 6
69 74 33
92 40 42
87 35 3
42 33 23
98 57 38
26 46 27
47 45 38
20 107 46
6 109 36
55 14 16
96 55 27
70 64 15
79 49 10
101 67 19
90 106 9
10 14 7
13 12 16
72 59 43
41 57 7
84 33 1
46 61 22
51 18 25
81 97 47
48 78 23
62 55 14
7 58 33
60 71 14
100 22 7
42 63 16
60 26 25
11 72 27
97 2 23
21 76 39
18 73 13
44 81 37
67 20 28
111 7 24
101 42 41
19 102 45
92 105 10
105 90 22
31 103 50
47 90 49
20 108 45
49 31 43
22 99 50
59 89 35
5 77 39
14 88 20
34 67 29
14 59 40
101 83 27
38 9 39
91 30 50
105 71 22
79 93 39
65 39 14
86 51 28
95 77 8
104 91 21
74 71 44
18 64 28
79 23 23
37 26 40
9 105 28
77 79 10
91 62 49
72 57 10
110 29 30
56 47 24
74 14 31
64 20 4
85 49 26
38 58 39
34 14 12
108 98 25
39 29 17
33 94 19
16 91 16
71 34 13
78 100 30
99 43 6
96 16 6
111 81 25
96 107 19
34 19 40
13 36 6
29 99 1
85 64 6
34 51 41
108 34 11
6 25 7
67 16 3
37 93 11
98 68 29
67 102 22
17 107 46
50 24 36
4 101 14
51 15 12
21 10 31
14 8 1
46 75 8
54 105 15
9 82 47
63 36 21
24 45 7
12 87 21
100 91 23
19 22 45
101 43 42
97 49 22
6 96 24
35 29 25
45 31 1
2 86 22
61 102 33
64 94 36
10 105 36
83 94 27
46 70 22
18 76 24
65 104 41
104 36 32
112 38 31
35 91 4
108 86 2
42 29 12
59 39 46
99 2 19
52 40 11
55 50 23
33 2 14
41 98 50
71 89 27
75 3 18
69 111 26
56 32 25
9 92 39
68 70 11
107 9 32
96 65 29
89 18 46
61 90 38
54 52 28
26 8 48
76 57 36
43 58 30
49 13 14
41 0 16
81 88 10
51 16 17
24 106 30
87 46 34
5 92 5
40 111 49
66 74 17
11 109 26
48 37 16
42 78 13
37 47 25
23 1 32
79 88 45
0 86 41
78 13 40
74 90 44
42 25 15
23 59 40
110 97 1
51 74 26
16 97 41
72 55 41
60 47 15
20 12 44
91 64 22
3 25 42
74 82 48
90 71 17
32 9 44
107 82 13
3 21 19
91 42 21
79 12 19
25 7 33
62 23 36
4 90 44
110 67 22
87 92 44
17 52 35
28 82 3
105 100 1
95 49 36
30 45 25
40 42 3
1 16 27
76 33 22
56 69 28
80 65 17
77 93 10
86 78 37
102 52 41
21 74 50
30 107 11
99 108 42
33 71 38
12 6 49
28 3 36
78 75 17
19 39 16
42 12 50
44 107 4
95 15 13
79 38 23
28 49 8
88 61 12
97 90 43
81 66 41
82 108 5
40 39 12
50 22 49
21 93 45
100 86 50
60 106 43
76 82 48
97 66 44
1 6 20
93 87 43
103 48 24
5 88 1
22 17 14
47 38 12
109 25 6
82 33 1
37 9 38
75 10 40
47 95 25
85 78 6
111 83 36
56 98 18
22 32 19
74 20 8
100 87 49
6 56 47
99 86 16
24 48 49
87 51 18
33 50 1
58 98 29
109 7 2
77 74 17
62 61 22
5 59 13
93 45 34
86 61 31
74 17 21
44 97 50
84 9 38
94 67 43
90 55 25
4 19 46
44 74 12
9 51 49
53 17 7
62 98 8
100 48 50
2 45 18
91 89 15
15 27 43
103 36 49
10 81 49
84 97 44
62 50 1
16 105 41
92 77 10
1 64 44
87 59 39
72 37 15
9 53 45
18 35 43
78 46 44
42 17 26
45 79 3
91 58 36
95 59 4
35 26 32
12 90 15
79 91 15
60 101 44
61 66 3
23 100 48
75 76 10
64 0 37
37 83 36
71 58 9
56 93 6
101 98 43
76 3 39
12 56 40
92 80 43
75 42 43
9 98 40
92 85 10
93 28 37
7 16 44
11 78 46
98 33 39
53 38 17
75 17 26
84 92 39
40 101 22
110 10 27
38 94 39
23 74 14
94 73 28
44 61 1
46 2 15
105 77 49
17 40 3
85 72 35
16 70 35
83 108 38
0 18 6
59 0 42
39 66 38
97 112 27
81 104 45
73 9 36
45 86 42
103 102 5
57 64 2
98 65 39
99 3 5
61 17 43
98 48 47
48 106 44
57 104 4
90 86 39
79 30 15
64 15 18
59 2 17
46 55 36
62 32 31
24 101 1
98 36 15
85 70 18
108 39 46
0 6 40
83 16 39
100 62 46
14 3 43
76 4 5
48 39 43
86 3 19
100 111 25
94 112 19
23 31 16
41 19 15
2 25 42
100 106 44
73 61 35
74 101 5
89 74 35
53 61 28
48 35 27
58 25 44
16 40 49
104 82 9
11 76 10
43 63 30
38 81 7
4 49 46
61 30 46
28 88 44
47 96 38
106 87 17
55 99 29
29 21 18
8 33 44
16 37 31
91 18 34
106 72 25
35 92 26
102 26 39
97 12 30
53 67 15
93 97 35
67 85 36
48 86 2
111 102 39
110 72 31
90 65 6
101 92 43
78 82 37
39 58 35
80 112 47
90 84 33
17 39 22
53 79 39
1 77 42
91 74 23
87 52 46
34 40 4
81 110 44
103 109 42
14 86 47
14 96 36
92 28 13
37 21 22
69 112 47
5 8 18
41 82 14
87 90 50
29 105 36
47 111 38
8 7 9
101 76 17
51 24 3
71 63 15
103 94 23
50 68 30
99 89 31
8 23 16
5 7 1
30 15 30
8 47 16
20 85 45
32 43 31
5 33 22
78 76 14
15 62 4
83 67 47
76 52 3
81 64 21
100 88 38
69 93 23
19 50 21
29 66 36
15 3 1
17 78 7
18 50 45
47 3 21
99 77 27
10 56 18
69 13 8
49 24 19
97 54 32
94 61 31
40 70 31
45 88 31
26 2 13
51 49 20
16 27 22
49 98 20
26 27 24
54 11 33
26 106 50
107 25 16
39 63 23
22 81 23
38 12 38
24 73 41
55 9 41
92 36 39
40 82 7
81 102 17
78 29 14
51 43 20
17 81 14
33 9 18
67 33 10
26 81 8
75 52 20
30 92 13
69 78 27
70 87 2
54 96 14
59 16 18
83 84 37
76 102 28
70 56 15
91 82 28
77 30 37
53 68 14
50 17 33
91 72 17
92 10 2
102 93 13
33 56 40
37 5 21
7 75 26
31 32 42
21 85 10
46 15 47
38 98 22
13 77 48
109 58 45
56 92 23
104 8 43
96 102 20
52 101 22
83 20 17
32 41 33
41 79 29
59 109 8
37 1 35
16 111 28
106 37 50
112 20 25
110 65 21
63 27 12
48 51 39
111 84 15
67 31 22
9 68 26
19 84 32
23 46 26
72 45 25
101 34 48
6 98 20
44 25 35
24 75 18
50 84 7
69 95 16
79 71 42
29 94 7
9 45 7
67 40 38
31 77 7
47 63 1
34 87 47
44 16 7
9 78 15
42 44 1
43 75 30
108 85 1
86 31 21
41 63 2
21 102 32
9 15 27
64 59 10
90 60 6
91 102 48
57 5 40
80 36 23
91 1 36
22 42 19
22 63 4
78 65 44
3 8 8
41 99 2
53 69 40
100 5 18
70 75 18
4 45 9
75 68 4
95 82 8
97 47 20
0 42 42
68 84 25
82 16 39
78 3 35
80 104 3
9 61 23
80 58 45
39 107 15
95 83 42
95 76 7
98 0 25
40 79 35
101 46 34
102 53 14
104 92 10
68 74 38
72 56 40
110 46 26
6 23 47
23 56 45
43 44 39
47 81 19
112 6 3
9 108 5
31 92 24
47 39 19
18 111 11
73 108 42
46 106 39
12 8 40
56 52 33
26 91 19
51 90 20
82 99 32
54 17 49
21 75 23
101 27 33
107 66 28
24 78 30
101 13 27
110 39 2
79 82 35
55 52 22
18 98 26
18 96 9
44 98 7
5 87 46
3 84 49
91 51 38
95 3 38
35 68 27
94 20 27
63 111 40
107 34 34
99 39 49
0 34 13
46 13 49
61 57 24
7 31 23
43 66 42
60 89 16
72 70 16
59 13 25
8 112 24
63 98 42
68 24 23
104 77 25
94 74 18
50 26 9
26 77 9
105 85 13
105 27 29
32 103 1
98 59 31
56 42 6
71 37 43
109 48 33
109 30 1
78 72 48
109 99 4
40 91 6
111 108 5
5 85 11
19 20 12
6 91 29
68 87 38
32 76 31
62 33 23
110 21 30
99 23 45
104 13 19
99 10 10
32 30 40
7 36 35
19 104 28
80 15 50
50 77 20
85 66 46
0 68 40
104 54 16
66 45 1
7 23 46
33 55 33
79 62 17
87 82 45
70 41 46
112 84 24
75 56 24
50 48 3
87 40 18
17 98 6
82 106 23
45 26 29
29 98 37
50 64 26
62 21 33
81 21 37
65 88 14
0 104 1
52 9 39
29 91 21
21 15 10
76 45 44
73 95 7
31 44 30
31 12 9
106 70 20
12 65 4
79 65 6
36 18 8
106 39 5
89 107 14
49 60 4
103 1 8
41 108 43
67 7 49
6 78 31
41 30 5
93 58 25
2 51 17
40 19 7
2 60 38
67 13 31
55 3 21
48 45 48
110 112 23
20 110 37
92 38 44
48 10 33
14 13 23
11 45 25
2 48 32
54 107 2
76 50 14
107 98 29
5 95 12
22 107 22
110 78 14
106 5 27
31 25 14
96 79 36
54 42 29
15 28 49
21 33 44
26 48 12
55 30 21
91 71 38
27 97 10
0 7 42
22 103 24
30 36 34
88 51 46
10 72 11
27 91 48
31 112 48
89 24 5
75 51 15
92 44 14
13 58 34
13 88 25
5 65 49
93 84 21
11 3 43
71 109 31
40 85 9
81 39 47
97 19 38
8 24 47
14 38 11
56 85 6
37 82 34
9 65 29
32 15 47
102 56 9
91 0 44
39 8 20
44 22 6
25 79 35
52 3 4
32 86 25
88 96 45
26 7 13
73 101 38
84 55 22
21 34 32
83 73 32
48 4 11
51 21 42
18 66 30
60 98 25
52 65 48
52 43 40
60 6 49
83 19 18
107 94 38
19 29 6
66 72 33
63 83 26
37 66 1
99 54 3
48 99 16
82 8 19
79 6 25
54 64 42
43 14 42
97 77 26
8 2 19
104 93 19
50 20 39
30 5 15
9 80 20
7 76 34
99 34 44
92 89 6
80 100 47
17 108 29
21 92 6
71 21 26
107 43 22
68 52 46
56 54 41
80 14 9
69 23 49
52 36 10
8 107 45
11 62 25
19 32 27
54 69 17
73 49 47
62 94 23
14 102 42
108 35 39
56 38 3
69 104 23
92 57 31
57 15 5
19 88 39
5 29 12
28 43 33
37 22 25
34 18 12
64 74 38
35 1 21
46 71 31
14 50 40
43 111 33
36 3 25
3 31 27
97 87 3
37 38 41
15 66 18
28 112 8
40 5 33
93 96 32
92 63 27
53 66 42
49 16 36
88 29 27
78 37 17
61 65 38
108 97 9
84 77 16
46 12 11
7 97 36
76 29 2
55 70 42
103 16 33
4 104 40
49 61 47
43 102 12
46 73 43
24 6 5
28 5 31
96 81 47
108 16 29
16 6 6
30 3 33
73 52 50
40 98 27
64 29 20
80 67 13
52 91 39
28 6 47
83 82 26
22 90 27
90 7 19
36 72 27
36 112 19
38 63 33
21 22 27
85 74 20
27 95 23
87 76 20
107 38 18
31 60 6
96 58 44
65 94 31
11 12 6
92 33 28
5 111 43
10 17 2
5 104 40
102 90 3
40 0 21
76 58 49
6 41 23
1 106 44
109 110 37
46 89 21
110 94 11
23 96 45
23 101 21
99 83 48
85 10 2
18 86 13
106 86 34
92 74 41
90 112 47
105 109 34
36 35 32
33 99 2
16 4 37
58 89 6
29 74 5
98 53 15
93 15 8
100 21 13
91 49 9
20 11 37
85 28 46
1 78 7
2 107 44
8 30 17
47 2 10
106 73 11
52 31 35
20 44 13
79 8 48
21 9 4
53 12 30
46 93 9
84 102 33
32 36 50
100 95 42
76 81 31
90 41 39
4 21 5
110 74 32
81 112 27
40 83 5
14 108 6
103 95 39
53 59 17
18 9 16
109 98 9
87 102 19
83 91 5
82 60 12
54 92 41
23 106 7
21 88 23
46 105 38
6 2 36
106 78 42
7 40 50
87 2 46
53 56 36
102 80 3
26 93 50
2 19 37
104 25 14
102 17 32
77 10 38
91 96 8
86 36 30
61 26 9
22 52 48
79 97 37
105 82 23
56 63 34
103 27 39
2 62 6
55 40 43
102 13 7
93 67 44
50 89 8
101 47 25
3 82 21
38 66 35
82 1 50
38 104 7
110 99 44
18 53 2
68 33 50
95 29 32
107 59 39
81 28 32
52 48 10
57 14 21
94 37 33
32 40 24
28 58 6
12 101 25
98 87 45
25 55 12
58 44 7
82 96 23
101 33 17
32 14 31
91 46 22
42 60 28
62 72 26
111 50 3
1 67 42
98 86 15
106 66 49
16 90 10
67 68 8
38 108 15
60 30 35
95 91 45
85 84 5
9 101 32
83 78 20
27 71 25
4 87 23
25 64 15
9 3 42
53 91 4
41 73 26
57 8 13
43 35 35
108 52 29
56 62 29
105 35 49
32 1 1
98 10 18
6 48 45
106 83 46
14 70 26
99 14 2
67 48 8
13 40 7
24 65 49
72 101 38
46 9 6
28 99 25
45 105 18
102 98 7
73 104 39
53 45 22
109 51 18
96 75 46
67 35 5
94 81 45
43 33 24
44 88 38
57 102 15
76 73 1
13 9 12
39 51 34
34 57 48
112 101 8
76 27 38
2 76 43
86 62 32
109 26 8
86 24 25
70 66 50
22 105 39
15 19 6
16 18 7
105 86 31
16 88 11
38 61 18
37 49 22
101 22 17
61 69 44
50 83 43
65 107 20
20 91 32
108 107 42
39 24 13
40 53 36
51 42 17
29 71 23
38 0 31
31 90 2
44 34 35
66 46 35
16 81 49
32 0 39
57 16 13
23 45 41
51 83 3
42 1 38
18 37 50
86 104 49
26 78 45
31 47 3
70 104 45
14 6 33
13 50 8
13 92 15
106 75 50
13 47 28
57 73 49
100 96 31
74 53 42
55 59 22
82 65 42
62 78 34
66 89 5
98 95 17
70 39 16
112 18 44
39 27 4
109 101 41
109 50 33
55 38 3
107 81 11
58 30 7
75 101 25
112 19 44
32 12 14
47 99 34
1 34 3
10 12 24
93 6 26
52 57 40
35 19 12
36 94 24
8 85 17
0 69 11
106 27 23
15 23 1
108 48 33
108 75 27
9 111 24
12 111 41
34 103 34
64 83 41
44 73 11
38 93 12
31 81 39
43 90 46
36 102 12
19 64 41
46 62 35
93 106 35
5 13 7
6 36 43
83 80 39
36 2 41
53 21 46
18 67 41
49 48 2
33 91 35
48 95 36
71 65 15
63 93 45
36 74 24
33 102 32
102 34 7
1 53 49
21 6 35
46 0 44
85 41 12
47 112 28
89 54 39
13 90 7
32 3 8
53 97 45
88 90 3
77 44 22
97 103 16
72 75 14
29 1 26
38 96 29
90 15 40
27 61 12
111 105 28
92 90 15
80 66 37
74 55 37
87 99 14
32 16 10
91 12 10
82 97 30
102 77 10
66 36 27
13 89 25
35 51 19
35 49 17
3 110 20
80 19 39
23 9 23
44 80 18
49 107 12
109 45 49
27 72 23
73 68 11
0 39 2
45 46 12
84 5 38
99 21 2
79 78 22
95 1 38
79 50 29
2 38 37
46 65 25
27 18 5
110 18 21
34 5 6
77 18 44
65 84 13
46 82 47
58 9 22
51 63 3
15 105 21
49 5 43
84 45 39
43 49 33
52 39 40
19 89 44
92 23 40
33 38 23
51 80 47
13 43 9
103 14 7
44 101 8
62 40 41
54 73 20
20 106 37
49 50 36
63 24 49
108 61 45
41 10 6
110 60 29
42 97 36
98 51 38
92 79 29
103 72 50
47 67 4
85 100 50
49 89 30
57 18 37
54 77 3
38 80 26
106 0 28
73 48 6
93 20 9
11 61 33
101 6 3
55 60 20
40 64 3
67 10 42
20 40 40
95 84 31
88 37 24
36 9 8
102 1 8
16 48 36
8 80 48
53 35 35
79 55 5
86 58 37
24 94 12
88 58 42
100 47 3
110 64 33
67 64 36
89 109 31
104 75 32
47 34 14
72 108 46
61 81 11
2 73 6
42 52 31
67 3 47
103 68 28
31 100 39
87 47 14
86 50 19
40 58 25
24 97 16
108 6 26
70 28 21
44 60 11
70 83 15
32 58 15
95 31 50
16 0 1
101 56 10
29 44 28
3 34 35
0 78 42
15 36 17
18 60 48
59 42 31
7 35 41
53 65 50
98 30 5
92 25 32
52 33 31
89 51 32
55 102 49
52 20 46
42 70 11
31 18 36
14 65 47
77 85 42
9 27 41
97 71 33
2 1 20
83 66 46
78 97 24
18 17 31
87 29 13
7 69 8
87 79 37
35 55 33
4 57 25
43 19 38
47 98 8
61 3 40
63 95 36
40 61 31
73 39 49
111 46 22
112 12 32
28 48 31
7 52 12
86 25 49
27 57 39
95 17 35
51 7 20
67 27 23
105 26 15
80 13 34
54 101 9
83 93 40
93 76 33
22 14 13
111 90 43
91 36 9
6 20 43
78 101 21
19 55 32
86 101 31
106 9 13
39 84 12
28 65 11
27 87 5
23 47 32
48 53 28
90 18 17
33 29 37
21 107 17
103 101 22
32 27 4
47 55 50
1 93 9
64 43 22
63 46 26
100 67 40
20 49 14
60 8 44
48 19 18
42 87 25
83 38 2
42 55 22
56 34 19
76 56 18
34 66 45
51 1 18
56 43 2
49 6 30
11 48 46
52 0 11
90 8 43
30 43 19
28 79 40
10 51 29
96 72 6
52 45 27
65 44 22
49 32 32
47 25 33
66 27 1
44 10 8
111 13 31
8 62 35
3 1 41
50 27 25
106 92 8
76 20 35
28 47 25
1 86 28
46 40 25
59 74 32
66 77 14
64 105 15
76 97 28
94 90 21
17 23 4
79 36 7
31 87 37
100 33 32
14 92 18
33 89 25
72 40 13
99 94 2
25 49 26
90 29 21
106 17 49
83 31 30
16 56 6
11 107 27
13 11 15
104 1 44
67 50 39
42 41 9
49 11 7
42 19 12
4 89 38
112 100 2
88 105 36
105 96 21
41 43 23
16 89 1
103 30 12
2 64 43
22 0 21
45 39 15
40 38 17
21 5 30
17 47 13
10 30 41
105 104 11
97 28 10
65 60 50
12 73 5
57 78 45
78 60 11
28 78 44
68 88 17
17 27 36
45 32 2
102 16 18
69 81 2
75 85 49
87 22 50
0 15 38
72 76 5
53 93 32
66 11 11
109 56 15
23 37 14
82 69 12
45 35 6
79 3 41
112 59 30
56 57 25
25 69 47
38 35 6
10 4 15
68 41 27
27 0 42
86 53 18
40 44 2
61 63 6
71 111 21
85 19 6
44 75 14
33 85 8
83 41 43
47 68 23
7 34 14
82 66 8
40 10 24
46 50 22
45 57 35
104 18 45
65 22 12
109 34 28
59 93 11
86 12 42
34 50 48
50 95 25
87 61 42
55 26 12
63 34 4
51 30 33
46 81 12
81 54 2
86 17 13
40 75 29
68 51 42
69 106 17
92 48 44
28 24 30
59 104 48
16 99 25
30 54 47
4 2 13
5 86 36
39 16 48
96 36 30
7 13 40
86 72 21
12 30 19
76 94 8
7 103 29
22 20 23
2 21 25
94 53 49
51 28 36
32 35 3
112 1 49
62 13 20
82 81 30
48 80 49
9 95 8
11 57 39
99 38 21
83 89 31
96 0 44
17 112 11
2 53 27
26 14 5
15 63 18
107 64 41
106 65 22
0 76 20
29 55 24
103 17 31
92 0 21
109 9 32
28 30 7
10 45 46
65 31 33
102 24 43
3 38 14
61 28 46
94 0 48
41 1 8
7 21 39
92 24 42
15 89 15
2 79 17
46 47 46
46 42 41
69 77 26
29 92 40
103 20 27
88 112 15
95 8 27
98 81 13
34 29 47
8 41 3
39 5 45
92 93 2
47 109 21
103 49 34
32 110 36
63 8 30
94 84 18
111 11 39
25 103 18
50 30 17
90 9 50
8 105 35
31 20 40
58 83 30
106 56 9
91 32 18
5 22 37
41 67 38
12 75 14
26 80 42
54 102 29
95 107 14
34 30 29
68 63 22
20 104 20
105 39 21
24 27 48
17 73 15
34 55 25
73 81 16
111 57 17
16 22 47
96 4 38
95 28 39
96 37 41
86 63 12
54 23 40
52 71 7
106 61 36
45 78 14
85 59 6
25 61 10
3 45 20
61 10 39
60 88 1
69 66 9
17 85 32
4 81 44
101 96 23
32 89 5
22 83 46
89 56 12
107 0 13
81 67 11
2 84 34
89 80 5
108 68 16
33 60 5
81 92 13
88 106 5
96 103 8
22 97 14
52 66 1
22 60 26
77 36 47
82 64 30
108 24 19
103 112 6
67 107 31
11 90 30
10 0 13
2 44 10
60 58 20
31 75 33
19 53 15
66 13 50
19 44 49
18 10 5
48 42 6
13 70 5
2 81 19
95 62 50
61 41 19
4 107 32
33 66 34
63 77 2
108 95 5
26 22 26
19 27 44
75 29 32
34 64 6
16 69 5
11 9 49
75 97 32
68 85 17
59 52 19
110 69 22
34 80 31
81 86 10
74 48 34
39 62 40
25 87 30
32 34 18
103 23 6
10 49 27
38 17 30
19 11 47
22 88 16
15 14 39
17 28 8
95 53 4
78 77 23
105 59 20
97 69 47
77 80 49
41 91 11
17 7 16
72 60 48
35 76 49
109 65 14
23 83 30
5 48 18
62 42 22
93 70 2
7 3 4
2 27 31
108 76 5
110 73 30
101 64 12
32 5 27
10 95 14
82 68 37
74 65 16
26 64 13
70 51 34
33 63 29
81 70 8
59 81 5
99 42 17
97 3 27
101 29 11
23 88 20
5 45 37
69 89 48
76 9 45
80 90 12
92 15 42
85 112 24
30 93 5
108 105 47
2 13 5
109 19 7
44 103 29
14 76 5
101 106 4
102 8 7
69 40 20
12 35 9
77 55 2
111 51 11
62 88 40
20 73 42
34 61 6
85 65 32
58 20 25
98 74 29
15 86 19
1 55 22
81 106 13
90 27 31
92 62 42
21 26 7
98 55 34
4 0 23
67 90 33
97 106 46
101 107 16
74 79 50
7 39 35
65 17 16
50 107 32
15 111 47
105 58 7
35 34 50
59 22 34
44 96 16
55 48 15
94 43 35
89 88 42
38 95 26
84 88 8
3 10 20
20 62 30
31 72 9
0 108 50
40 106 7
54 74 32
63 104 45
66 10 21
27 11 50
75 20 23
59 54 8
87 86 48
23 28 45
47 91 28
53 32 46
27 30 3
11 103 1
49 57 23
46 76 12
72 98 1
78 87 29
91 13 13
88 66 32
48 85 45
80 88 23
82 24 46
95 70 22
6 100 49
50 60 46
20 86 50
76 43 17
47 21 28
101 102 29
74 37 40
69 109 50
54 71 12
94 60 41
9 102 34
14 1 25
83 77 19
110 11 4
45 104 16
110 13 45
43 68 21
106 44 42
14 17 22
22 27 40
62 106 48
30 39 20
80 59 19
55 94 16
102 88 47
89 94 36
15 108 32
35 77 30
36 4 4
30 78 36
74 10 33
50 106 21
6 106 2
8 108 40
2 69 45
77 58 15
78 12 10
84 22 30
41 20 46
98 16 3
39 4 23
9 75 48
66 95 16
3 60 16
73 23 26
16 42 27
82 38 13
40 105 19
45 61 6
7 49 50
100 97 46
2 50 42
28 39 15
33 3 29
9 43 22
72 19 20
74 56 34
100 63 45
69 52 1
65 25 19
88 38 31
107 58 6
18 93 19
91 45 25
47 6 50
55 106 25
0 54 25
17 46 34
4 40 25
107 72 37
62 6 19
36 46 45
72 28 44
15 38 23
109 42 21
27 64 4
41 35 20
75 109 1
87 24 19
49 58 24
8 18 19
38 25 19
13 48 44
93 78 44
48 91 29
68 19 26
97 102 27
41 37 9
66 42 3
109 63 30
60 23 38
57 43 21
91 94 43
45 22 22
98 112 12
109 32 4
59 41 38
14 95 3
97 80 43
9 0 37
2 40 9
112 25 50
81 79 48
84 61 14
1 9 13
58 82 25
15 76 48
111 3 15
11 17 28
15 34 21
21 27 29
22 58 35
21 55 24
57 77 44
0 36 49
11 60 23
0 73 35
71 96 14
106 57 15
100 2 12
30 100 39
89 93 47
17 64 17
11 68 9
30 68 13
69 59 37
79 18 7
81 89 16
94 106 21
40 109 2
103 88 39
22 54 43
84 20 28
38 51 46
28 64 37
7 94 44
103 63 10
68 12 47
10 73 19
57 88 13
72 53 31
81 25 39
102 2 14
101 30 30
25 29 5
24 19 20
105 79 50
72 26 3
70 59 40
11 24 12
45 106 49
22 18 48
93 42 16
19 36 43
110 100 42
63 7 11
62 77 21
86 80 47
60 92 38
28 16 50
19 31 22
39 11 48
76 16 41
51 5 22
37 60 47
8 10 47
61 36 36
0 56 32
99 106 36
71 35 26
103 79 26
0 3 16
18 3 37
56 88 9
82 80 6
85 103 11
2 16 5
92 111 18
58 104 18
24 2 29
92 27 45
37 108 6
90 44 4
19 17 40
24 67 46
24 46 29
42 98 38
59 77 12
8 46 35
109 87 27
102 28 43
33 59 1
104 46 50
62 107 18
75 107 32
12 3 12
85 111 47
32 107 35
34 88 14
21 8 50
85 104 35
33 19 26
27 94 41
109 49 15
95 46 37
58 72 36
112 55 10
51 82 27
90 10 19
55 4 6
110 37 48
106 79 16
109 43 15
104 89 45
71 47 11
79 5 48
32 108 37
104 26 5
97 37 43
52 104 34
77 42 11
73 56 27
87 103 12
73 60 25
96 90 4
23 42 9
111 21 16
21 42 48
22 106 34
49 59 45
98 34 7
64 42 50
28 20 19
96 10 39
19 45 17
40 95 8
112 72 48
53 88 20
98 2 25
91 66 25
52 24 43
105 28 23
85 7 10
77 40 15
23 39 18
109 93 28
67 78 11
47 20 25
70 12 25
38 46 38
19 10 32
1 22 20
109 81 24
42 85 32
13 109 5
65 77 28
22 73 27
57 66 1
20 9 25
32 66 13
42 27 47
77 9 11
86 9 34
40 60 38
92 102 11
19 18 33
101 31 23
20 109 33
106 13 18
36 11 15
24 95 13
39 2 36
32 24 13
41 11 24
22 109 9
110 50 35
33 111 20
110 62 47
101 18 29
2 66 43
39 33 12
107 47 22
67 44 15
5 25 26
97 4 30
78 95 36
11 102 21
27 29 2
39 15 9
8 71 48
80 107 31
28 9 27
46 79 36
49 2 46
13 61 15
51 3 49
112 44 47
86 39 33
108 81 19
79 100 26
82 30 34
38 43 32
65 42 1
15 45 50
41 45 31
108 12 41
48 44 2
34 26 7
4 24 47
5 98 13
12 107 15
75 16 38
27 112 21
50 43 40
46 39 17
51 58 11
71 62 40
17 29 5
97 56 20
33 70 28
80 53 7
76 19 5
15 70 9
45 21 23
40 30 44
55 66 40
40 14 40
72 84 31
36 89 33
100 74 26
33 46 30
85 91 49
61 51 14
112 53 50
25 99 5
56 112 11
16 11 1
42 28 5
36 1 34
37 62 11
0 12 19
95 75 18
84 101 32
2 9 36
33 17 24
43 59 47
105 95 16
72 65 25
108 67 32
110 61 4
111 94 22
2 17 45
35 9 2
60 25 43
54 40 30
72 104 22
21 97 43
86 88 16
83 4 7
110 83 37
14 25 12
91 55 18
81 50 47
105 68 18
60 4 23
53 106 49
73 7 9
13 19 12
49 110 31
72 105 1
79 73 24
83 44 24
97 96 26
40 51 18
28 10 3
84 82 46
78 23 15
56 37 26
86 112 40
36 88 19
26 63 19
77 41 36
85 101 27
15 72 41
18 29 9
108 77 40
36 78 27
5 52 35
4 78 29
103 60 3
69 47 37
74 58 9
103 45 12
66 3 10
26 99 43
43 10 12
40 71 27
79 15 50
42 57 45
29 83 3
76 5 43
35 37 43
71 6 7
17 21 16
27 52 9
4 1 30
3 35 7
58 75 26
30 85 17
25 51 41
49 78 35
49 56 8
105 87 23
106 21 26
53 44 32
56 5 9
39 54 6
73 58 6
109 92 6
97 5 20
91 43 17
102 48 16
35 97 23
18 82 18
34 79 11
48 27 30
27 100 46
47 14 4
16 46 21
73 5 39
103 62 50
35 102 14
3 54 8
57 60 48
47 105 40
62 108 47
32 90 44
86 13 26
105 17 44
107 68 28
59 101 41
34 75 26
41 40 20
29 82 18
71 20 26
46 4 18
42 80 49
55 107 39
21 61 8
62 90 34
25 78 48
112 30 40
71 2 43
90 37 43
112 21 31
106 68 22
37 61 15
75 23 19
104 108 24
7 107 30
10 57 49
81 34 16
7 33 31
17 56 47
109 54 39
73 98 30
18 105 36
96 56 11
105 41 12
0 31 13
43 54 13
72 73 16
96 5 18
57 71 7
52 89 33
72 64 25
111 74 2
69 99 37
101 21 49
73 69 24
23 13 13
63 65 22
88 25 29
50 108 37
111 22 1
11 87 41
30 110 16
67 84 21
40 12 33
16 52 49
100 55 5
28 86 17
98 97 6
24 5 21
68 39 44
41 80 42
101 0 30
90 93 4
53 8 50
1 44 22
26 29 45
63 1 47
89 42 4
98 43 31
8 20 40
71 73 39
93 95 17
8 38 38
67 14 39
95 111 20
73 86 33
90 79 30
102 60 3
86 91 27
0 65 6
78 43 2
47 108 18
48 31 46
71 1 13
54 95 2
112 15 20
1 94 50
37 52 48
58 99 34
43 60 49
3 100 27
84 58 27
3 104 33
94 108 14
12 99 5
31 8 41
97 85 44
42 88 4
75 61 22
25 73 21
96 1 37
34 48 44
67 54 3
31 62 13
71 67 16
23 64 10
34 89 20
23 72 26
112 99 25
83 45 19
86 69 5
37 11 10
102 89 12
12 25 21
58 24 49
75 48 47
88 64 42
47 15 47
3 4 13
14 77 13
55 18 11
72 33 29
26 101 39
24 3 37
18 6 10
100 20 19
60 62 25
87 75 49
53 34 6
49 69 19
33 87 41
29 67 17
94 18 21
58 46 30
19 58 1
18 97 50
12 48 43
67 89 26
12 9 42
27 60 22
94 98 43
107 5 8
49 23 38
37 27 28
75 84 15
6 57 21
51 93 3
22 9 50
33 78 40
12 24 43
0 30 50
21 89 45
80 96 39
60 74 37
11 96 42
86 8 45
104 42 43
29 9 42
4 20 39
22 72 39
12 83 33
3 57 48
53 26 9
11 69 46
95 60 14
42 90 28
85 86 12
30 108 30
57 112 34
75 14 31
101 70 41
36 73 49
97 55 8
92 91 9
56 35 23
103 78 34
94 101 43
35 61 3
76 44 8
2 15 7
5 110 11
70 84 47
72 63 18
24 90 44
46 67 5
59 57 50
44 55 45
40 49 9
17 55 21
89 108 21
92 67 14
42 92 22
1 48 41
60 63 8
107 18 45
43 100 48
110 9 32
11 21 4
33 49 44
103 28 42
25 19 24
81 8 12
107 84 30
22 96 34
107 16 1
50 42 29
53 4 45
64 89 45
37 111 1
23 97 20
51 33 35
26 98 50
46 31 39
49 76 18
13 105 22
62 49 10
74 78 15
88 40 46
97 34 6
92 52 1
21 35 45
21 0 1
42 14 28
45 68 38
24 29 16
87 38 49
10 59 18
9 72 47
87 57 19
41 46 45
64 8 23
26 88 32
70 98 12
37 99 28
48 20 47
78 105 12
110 48 21
43 74 5
21 24 47
31 57 41
13 18 22
34 4 25
111 52 13
53 96 47
13 85 40
41 103 33
22 47 45
84 71 13
93 50 26
63 29 21
1 108 27
97 88 8
13 51 31
105 23 13
83 53 50
46 51 13
99 44 22
31 29 12
27 5 39
1 10 43
90 3 44
107 86 30
70 23 22
41 51 9
76 89 7
105 75 9
8 99 29
49 88 25
67 75 25
19 73 8
11 53 1
42 37 22
27 109 22
80 24 45
47 72 2
82 112 3
25 16 19
34 2 41
16 100 45
92 55 14
9 16 45
15 41 44
37 100 25
71 53 19
100 25 47
77 27 15
7 66 42
61 97 17
39 77 48
107 56 34
43 103 49
4 102 10
30 74 34
105 24 1
103 86 10
41 4 10
51 54 14
11 58 33
30 81 33
30 104 32
61 6 20
77 90 8
30 94 9
100 24 46
47 27 28
71 88 43
82 56 37
8 4 22
43 72 18
100 29 32
77 60 13
105 11 9
3 19 8
110 93 13
26 23 26
26 54 40
97 15 42
105 4 7
57 65 3
24 60 15
69 35 11
50 38 25
31 28 4
95 20 30
17 69 22
33 74 5
71 98 47
104 51 26
86 95 45
8 97 3
42 79 37
73 96 19
47 16 33
105 80 4
110 63 39
7 29 11
89 2 8
95 104 19
95 33 31
97 33 33
97 17 30
26 47 35
83 21 22
104 79 1
108 55 37
92 107 40
76 77 1
47 104 38
53 6 17
42 102 42
24 96 43
63 81 18
45 36 6
93 103 8
95 88 48
30 29 33
92 71 49
74 105 38
63 88 31
28 12 36
55 5 21
112 73 24
75 103 50
35 75 22
23 36 7
37 104 41
6 54 41
55 75 35
20 17 25
105 81 49
32 70 45
110 98 36
101 53 3
48 112 23
112 24 41
50 52 26
40 15 19
61 72 23
43 16 13
28 19 6
50 69 33
49 101 14
24 76 10
35 17 24
59 27 4
45 75 32
7 74 32
35 103 40
59 34 22
55 67 40
63 13 43
28 25 24
9 66 26
10 60 9
16 95 26
39 41 37
106 96 31
103 46 30
20 0 1
102 82 28
102 71 11
93 111 37
90 100 2
55 80 38
37 92 11
85 23 47
81 3 25
86 56 42
70 18 28
68 97 7
31 39 14
12 55 28
14 0 6
39 89 43
60 48 21
72 80 21
50 16 4
95 25 5
109 38 20
66 56 6
77 87 6
18 26 4
18 99 26
26 28 6
16 8 15
25 96 47
84 21 40
76 88 3
37 73 5
5 99 4
60 20 37
35 31 8
58 57 12
15 20 1
13 96 1
89 65 48
23 94 8
41 100 20
64 63 20
14 16 19
61 29 16
44 57 16
53 73 30
28 74 36
22 55 38
58 15 21
102 68 10
6 90 9
10 68 25
103 4 48
64 38 31
24 111 9
112 111 16
70 35 30
96 28 28
61 83 38
76 31 27
106 12 22
5 108 25
28 90 36
89 105 17
71 14 8
110 19 22
62 4 49
84 34 33
76 10 13
22 29 8
73 93 46
60 52 49
71 49 20
54 111 39
41 76 35
9 94 27
109 3 31
17 87 35
64 49 36
92 69 48
34 86 35
32 33 27
53 62 25
58 102 36
77 32 46
75 36 3
27 8 6
108 42 6
50 66 26
4 80 50
5 82 38
59 97 38
45 54 28
69 8 24
56 87 28
86 92 10
100 50 5
105 43 37
11 8 45
64 95 31
33 25 19
38 86 7
8 28 33
102 62 19
102 65 28
47 19 37
57 32 16
47 51 1
111 99 42
111 59 29
35 94 31
110 104 5
66 4 49
71 15 20
38 97 48
110 91 17
11 81 10
37 40 19
66 64 50
97 57 6
39 96 38
2 96 8
17 48 45
94 16 50
105 2 9
105 33 37
64 36 14
73 111 22
7 55 21
5 36 16
49 17 28
20 88 37
45 73 35
23 65 25
89 8 21
94 28 26
83 35 47
9 17 30
28 55 2
41 78 22
16 53 2
71 23 5
60 80 25
85 15 11
111 56 11
70 76 41
94 93 6
70 45 40
1 54 38
72 4 17
59 28 11
92 18 47
71 51 28
91 11 38
41 84 23
10 63 49
35 11 12
8 94 20
92 45 15
24 23 31
12 21 46
28 54 23
56 65 2
94 86 11
42 72 40
108 79 11
72 99 45
110 24 39
10 109 1
75 39 23
50 9 8
14 56 26
60 54 8
84 27 2
54 29 21
2 103 24
26 43 35
58 8 32
110 92 21
42 34 12
109 18 18
53 29 23
87 50 41
44 15 26
41 5 8
5 2 9
7 18 35
69 63 10
74 95 48
55 58 2
79 95 32
111 23 14
32 94 12
21 23 38
55 31 43
75 63 2
85 16 14
18 71 23
110 54 37
54 68 43
29 10 46
14 109 11
70 71 13
109 66 44
47 83 40
23 112 44
8 75 17
42 111 3
91 101 27
99 97 36
6 73 16
3 41 35
7 80 38
15 12 49
13 41 29
20 25 16
33 80 23
91 39 32
107 90 16
108 92 31
9 5 24
83 0 36
98 35 4
60 36 12
4 51 26
111 60 15
89 26 7
0 84 21
9 79 43
65 29 29
91 8 42
101 89 31
63 70 30
44 104 24
69 80 48
4 73 16
68 25 19
48 90 26
42 69 23
26 49 50
37 0 20
103 33 44
44 63 45
104 97 14
28 80 40
94 45 10
71 59 13
37 95 34
69 26 24
38 105 44
112 65 29
72 41 4
35 86 21
37 75 31
22 46 3
70 43 7
25 66 27
61 101 29
1 27 19
62 69 17
20 21 30
21 109 1
26 94 16
8 93 38
99 51 13
85 73 30
102 29 2
101 65 33
34 100 45
48 14 37
106 105 8
109 91 41
63 52 10
42 47 50
83 34 50
0 62 46
106 31 3
62 19 13
109 82 16
64 96 35
67 51 3
26 19 23
78 81 23
71 103 42
5 112 41
111 61 22
25 15 30
106 29 26
20 1 18
7 59 30
7 57 29
88 55 3
2 72 3
81 65 25
80 43 38
91 37 47
85 53 28
110 28 49
66 31 7
37 112 20
22 71 11
99 105 31
32 104 31
84 44 38
89 41 29
29 107 23
32 23 47
101 45 27
93 99 27
78 109 26
91 9 43
51 97 5
34 8 31
17 110 44
63 90 39
38 90 8
5 47 15
110 55 1
34 90 29
7 15 25
58 12 45
97 73 23
95 42 9
32 42 32
45 95 47
10 42 13
12 100 25
105 76 15
35 82 23
98 39 37
16 66 8
49 90 36
101 100 18
92 53 22
80 110 17
68 46 46
54 27 16
67 37 48
58 62 11
54 41 9
46 84 14
112 16 34
59 96 1
103 76 39
59 38 22
67 30 23
95 68 35
9 42 50
63 66 26
53 28 26
106 38 13
76 47 41
60 99 22
83 5 46
94 80 17
70 20 37
104 2 19
31 17 12
97 10 32
61 18 7
2 106 20
96 8 4
59 45 43
64 31 12
63 67 10
85 31 12
107 33 34
64 77 13
80 47 26
37 7 13
76 84 22
10 79 18
49 106 32
13 55 42
26 111 42
44 66 37
96 7 50
85 94 26
67 23 22
57 54 43
10 25 43
63 17 15
81 91 34
1 59 1
104 53 1
112 14 23
20 77 3
12 110 4
45 85 42
20 78 10
14 27 27
71 10 34
97 111 19
89 110 15
107 10 20
21 14 28
48 25 33
11 86 36
39 12 46
88 101 44
21 96 8
32 4 2
40 45 35
64 6 34
41 112 12
1 39 7
66 99 27
55 43 37
51 108 38
66 21 37
10 91 41
23 29 1
2 14 33
0 89 3
4 42 49
27 74 30
21 94 36
19 57 19
12 102 34
44 12 38
26 107 10
25 93 43
41 104 22
17 8 50
10 16 11
68 69 47
45 77 26
3 102 39
53 76 43
29 85 25
107 63 25
75 2 19
42 39 7
106 91 29
10 23 22
15 53 20
69 101 33
84 73 46
111 107 34
58 67 16
44 69 22
98 84 40
100 53 30
57 30 9
11 43 20
3 48 44
56 39 24
94 96 47
88 107 47
71 42 32
29 80 29
48 83 39
38 89 29
71 86 21
34 45 35
90 0 38
34 72 4
5 93 26
112 71 4
71 44 41
23 93 45
98 90 8
30 99 3
16 20 28
18 83 34
2 55 34
52 23 12
79 0 19
78 19 23
56 44 22
86 52 7
35 80 40
59 67 30
47 24 49
3 58 38
17 0 33
57 23 49
31 59 9
30 1 44
53 60 26
69 100 36
29 104 13
9 64 38
64 24 40
4 93 47
21 87 18
100 36 23
53 43 12
22 110 18
92 16 17
24 93 36
98 50 21
5 64 1
84 51 47
32 25 33
87 49 22
69 91 39
19 79 46
73 63 43
90 17 1
54 85 13
5 54 13
43 73 50
97 25 18
82 2 15
54 38 35
108 84 29
112 62 50
75 60 3
64 78 10
21 31 24
51 107 38
111 32 3
67 60 17
23 84 19
102 22 11
75 22 25
44 62 3
38 72 44
78 80 11
87 107 15
52 14 45
49 70 32
37 76 2
40 35 42
10 65 27
33 23 44
105 14 42
68 56 22
50 31 3
54 76 48
15 74 28
63 87 20
33 106 41
78 70 12
34 96 26
14 9 12
72 100 7
76 98 37
6 99 39
80 85 43
62 64 8
40 22 29
1 76 3
86 110 16
55 89 36
110 23 3
71 95 42
10 36 22
28 77 26
54 78 33
106 34 15
73 27 16
77 16 31
77 111 6
21 52 44
33 1 18
104 107 4
67 45 43
62 93 41
27 46 13
38 84 33
81 14 15
102 25 28
56 51 39
8 42 3
64 10 48
32 71 31
27 45 16
33 69 3
35 110 28
41 94 47
91 90 32
30 56 2
9 7 15
16 35 8
6 77 48
108 70 14
58 69 24
100 77 31
21 18 45
33 13 50
31 94 21
7 28 47
80 22 16
8 49 9
22 93 49
95 51 15
20 54 31
2 90 1
107 69 16
30 80 3
30 69 29
60 19 10
98 25 43
87 55 17
33 104 31
48 15 27
7 108 1
85 76 26
15 75 5
6 4 37
69 12 50
33 108 14
19 16 15
14 18 39
93 55 37
65 11 45
112 9 50
18 33 47
92 22 6
28 68 31
41 9 23
109 64 16
38 19 21
102 30 24
57 110 44
19 7 31
84 59 10
68 79 21
12 67 2
35 84 37
50 82 30
13 93 23
98 19 20
13 95 33
11 25 7
26 85 14
30 42 27
54 55 18
68 40 40
79 69 29
1 58 31
69 31 47
4 61 42
2 20 36
77 24 48
98 93 24
6 97 6
58 0 10
57 13 4
50 78 38
36 99 44
67 36 5
56 3 39
7 14 8
90 57 38
11 10 4
97 107 32
52 32 37
9 81 15
85 88 33
86 93 16
102 104 42
54 100 22
32 51 23
96 17 46
10 2 25
48 77 15
51 102 20
21 1 23
56 91 10
68 4 20
15 5 35
32 102 31
7 45 50
18 108 37
3 65 35
43 36 48
18 54 36
51 57 5
45 63 4
11 67 45
41 97 11
3 22 6
41 65 12
88 99 17
53 108 9
111 68 45
68 13 43
20 101 11
35 10 9
15 26 24
12 72 9
53 70 30
41 27 33
95 92 15
101 39 40
3 89 45
89 9 18
26 96 41
92 11 18
84 57 26
67 22 6
86 42 41
83 65 8
50 25 29
97 26 29
23 12 31
43 87 11
35 72 47
3 42 46
62 84 34
41 107 26
64 112 36
1 65 36
15 8 15
71 48 15
101 105 29
106 103 4
53 31 31
61 70 15
50 101 19
70 69 22
51 19 18
110 8 9
55 82 45
0 47 19
4 75 46
79 75 38
16 12 24
78 5 14
36 68 7
83 87 48
6 84 3
106 112 22
51 92 29
79 24 33
89 6 4
60 61 38
12 104 34
99 70 44
36 65 46
23 82 8
79 22 30
77 7 33
33 83 50
93 57 43
7 91 40
53 105 42
89 85 16
87 10 29
7 44 24
107 53 4
25 57 27
32 112 13
56 83 44
5 89 37
45 90 13
70 8 13
60 12 36
52 6 16
4 95 22
12 1 28
53 54 28
74 32 32
85 37 38
40 27 7
44 78 16
34 52 9
29 13 3
48 93 25
16 36 4
31 43 6
48 87 43
59 18 15
17 59 48
93 66 7
21 82 42
64 14 33
4 54 3
108 36 4
110 105 42
49 3 12
79 58 11
92 50 34
77 34 44
80 32 2
30 6 31
98 27 21
61 2 27
41 71 20
22 2 11
39 60 27
54 2 10
103 107 44
38 36 45
7 65 13
3 94 33
34 28 35
75 18 20
34 112 33
106 4 17
36 8 16
14 36 22
111 104 1
70 30 30
46 72 16
109 33 40
69 64 15
75 50 17
77 8 21
28 109 5
14 101 20
84 109 47
6 32 18
99 65 7
81 35 8
15 83 5
68 37 28
42 36 20
35 23 30
111 6 47
75 6 24
25 94 21
36 110 49
18 45 38
85 96 24
110 7 46
65 37 15
41 21 39
83 103 50
109 94 6
78 39 46
58 64 10
62 99 20
12 109 46
57 105 13
59 62 7
97 29 11
58 33 47
87 72 25
39 102 1
48 0 8
81 100 9
100 49 6
100 99 7
63 89 28
56 19 40
79 111 22
60 7 18
82 12 10
7 24 11
37 103 9
109 53 1
27 69 9
82 20 39
12 19 28
58 48 12
49 65 28
55 53 8
16 87 36
17 44 39
95 102 39
17 36 21
75 110 49
26 6 24
64 97 29
49 30 6
10 102 19
85 43 6
14 30 1
89 47 41
41 49 22
46 85 12
103 38 18
18 85 22
53 20 24
58 2 22
52 80 27
55 76 12
55 36 45
93 107 35
8 6 32
64 104 18
77 38 32
55 64 28
95 18 5
22 66 2
12 51 34
5 16 47
4 38 13
92 20 30
105 97 46
24 1 49
81 18 1
38 102 46
67 2 5
0 87 50
81 20 8
66 104 42
97 50 43
85 27 46
32 20 26
37 46 24
101 97 41
32 65 46
16 71 7
27 43 27
56 28 50
68 42 24
75 53 44
100 8 15
48 64 47
94 70 3
27 68 36
25 21 29
31 22 24
81 68 50
45 64 24
79 89 30
50 70 50
10 101 37
36 76 32
42 100 7
4 110 1
55 37 20
61 52 11
49 86 17
100 66 43
40 78 3
62 7 19
86 41 1
55 11 2
71 75 19
14 12 25
74 41 43
35 14 26
19 70 4
105 6 8
4 77 36
108 28 1
83 14 15
14 107 33
28 33 42
29 20 24
91 112 1
18 74 50
32 101 50
74 87 12
72 51 20
48 30 28
93 32 1
46 30 38
91 103 46
16 63 29
25 67 9
52 41 42
37 79 41
101 16 37
36 107 18
80 54 32
39 25 12
29 43 9
94 19 38
30 7 14
79 27 20
22 36 37
19 67 10
58 41 21
39 71 35
26 5 11
39 85 22
85 47 33
71 80 29
25 108 31
61 96 5
29 37 16
84 87 5
15 50 45
6 76 26
38 62 38
20 7 44
14 69 41
105 55 28
54 86 30
35 22 47
37 33 25
110 82 12
55 8 25
84 100 14
76 68 10
74 19 16
69 51 42
50 104 46
62 22 45
42 53 24
2 108 50
56 59 37
86 40 40
42 83 12
40 76 36
87 101 46
84 48 44
1 98 11
33 81 14
49 111 12
36 85 49
111 27 5
60 35 47
41 12 33
65 76 23
53 41 35
110 58 25
70 103 18
72 88 36
3 53 43
91 67 37
95 57 14
108 46 49
43 0 18
108 54 38
110 59 22
14 85 17
24 66 25
29 47 8
93 44 32
110 107 23
52 12 17
22 11 37
75 77 19
60 79 40
99 91 16
50 41 36
34 9 25
2 30 49
67 21 28
74 16 3
24 70 15
23 108 33
4 109 16
74 93 42
26 10 44
54 25 33
11 56 2
40 9 43
82 22 23
33 27 4
27 89 6
64 65 23
59 88 33
81 19 26
74 2 15
14 111 41
63 54 48
48 32 19
43 83 32
60 91 1
95 72 47
74 49 9
93 31 21
33 45 40
74 31 6
22 68 24
52 29 19
68 1 28
100 102 31
60 97 21
103 26 20
3 92 33
74 112 30
110 6 49
69 1 41
11 97 8
36 51 15
90 69 38
32 79 16
68 55 33
44 39 41
101 82 19
46 5 22
102 63 17
49 34 41
62 43 22
101 38 17
87 65 10
106 11 13
87 9 32
71 101 6
11 83 7
6 5 42
59 11 28
57 22 9
78 71 29
14 4 17
66 51 34
94 82 9
109 97 1
24 85 36
78 107 30
24 33 43
106 74 9
61 47 49
79 43 7
81 40 44
88 41 11
37 105 10
30 106 42
67 38 27
16 78 11
72 1 28
56 31 26
75 27 3
59 8 20
6 95 47
42 43 42
13 74 2
33 57 14
88 98 8
60 81 2
31 51 17
12 85 28
88 27 17
35 54 4
33 44 15
16 86 36
30 53 9
1 11 41
49 92 39
27 110 45
30 22 19
104 90 8
89 70 19
80 109 34
51 60 24
6 43 13
111 89 28
59 58 37
90 64 45
34 54 43
83 100 47
0 80 17
104 98 19
18 12 27
106 71 42
37 12 23
7 71 40
50 37 48
16 68 35
112 87 3
27 3 32
50 80 6
58 56 8
17 77 4
56 7 16
6 94 39
93 0 50
67 62 33
51 105 30
22 69 5
54 21 35
80 25 50
66 78 33
17 101 18
64 21 5
35 85 50
58 101 39
83 30 18
70 80 40
82 42 13
35 106 1
41 92 13
87 53 38
13 81 29
21 36 11
86 75 6
42 18 11
79 48 20
45 74 50
25 83 3
99 71 28
74 84 23
72 25 49
11 28 12
61 8 44
50 4 39
112 95 25
96 40 28
57 83 37
108 74 3
3 26 17
53 111 50
32 39 39
71 50 8
15 61 19
68 62 9
68 48 15
35 78 44
78 47 18
13 45 14
5 53 28
72 74 25
29 4 6
111 82 42
62 89 49
32 105 17
103 64 38
11 52 44
72 83 30
52 112 12
105 73 3
76 38 24
71 56 23
59 15 49
73 38 9
94 56 36
110 51 3
22 24 31
0 72 2
61 33 40
104 31 35
29 108 20
68 2 47
63 99 2
14 66 39
1 0 16
23 38 23
79 112 12
92 65 40
9 56 40
32 78 41
82 36 18
47 50 32
100 64 14
91 111 7
50 1 41
0 82 13
15 100 17
59 75 1
94 58 29
90 101 6
59 50 5
32 67 30
47 41 1
96 104 18
38 10 27
38 60 42
2 11 5
104 99 24
46 80 48
23 53 40
82 61 37
78 34 30
86 44 18
56 77 41
83 97 6
18 32 14
104 55 43
98 20 37
69 98 33
47 59 4
6 29 49
98 85 6
94 10 19
51 76 16
37 45 42
48 22 32
50 91 36
4 59 17
107 83 5
19 65 19
96 9 2
109 73 33
65 86 5
85 71 28
7 42 18
6 7 28
79 35 11
7 70 35
69 105 44
106 77 12
38 74 33
57 68 48
24 74 50
80 37 28
18 23 46
69 65 43
6 69 27
103 15 37
25 26 6
109 39 34
55 10 27
94 79 35
70 109 26
86 21 23
107 100 47
111 64 24
1 92 29
74 0 45
1 74 23
36 57 23
23 50 11
89 11 17
87 7 9
69 48 49
29 93 2
91 2 28
56 2 36
99 61 40
36 62 6
43 25 48
48 105 40
23 58 50
82 71 34
95 41 33
2 23 3
58 78 27
105 66 41
101 28 40
107 6 24
81 23 21
41 75 39
9 97 4
95 19 34
90 36 41
6 9 32
78 56 19
93 33 1
29 60 1
7 47 19
91 3 25
61 89 23
52 15 46
1 109 38
54 24 26
85 25 39
60 59 25
93 11 42
96 112 7
19 54 38
47 62 30
47 58 42
57 86 16
67 43 21
45 87 47
109 60 13
98 14 35
88 11 7
19 93 42
112 70 23
57 99 19
87 26 32
26 44 17
77 0 23
8 78 43
64 41 39
82 100 35
49 19 45
52 96 17
68 100 41
90 20 27
19 61 41
89 22 42
25 17 9
37 13 48
80 10 41
0 110 2
8 56 8
58 63 19
25 30 10
104 16 26
1 45 48
17 70 48
42 112 22
52 70 31
100 39 30
20 27 33
64 71 9
73 15 17
109 35 26
40 99 19
58 106 22
67 109 15
65 95 36
78 84 23
59 86 41
2 42 32
86 7 43
20 72 11
34 105 44
80 79 8
66 35 26
44 102 14
92 68 29
109 29 42
54 62 24
77 15 42
104 22 46
14 44 2
29 89 4
92 72 17
111 39 41
22 43 20
84 89 37
66 59 10
34 58 43
45 65 38
58 70 24
25 90 21
55 27 45
7 27 39
55 63 46
88 24 30
46 19 32
96 50 38
55 57 3
93 12 28
52 49 26
40 33 20
75 80 45
29 0 18
16 93 11
91 63 16
50 6 30
19 99 20
11 23 25
25 22 47
76 8 47
98 77 1
12 80 23
98 96 11
59 99 37
73 26 17
98 105 15
17 4 31
1 105 38
34 37 15
22 41 11
59 61 45
13 65 32
23 91 20
5 61 44
109 72 40
4 86 45
10 37 28
34 110 5
39 14 29
12 92 25
10 13 38
94 52 31
96 68 4
6 65 26
0 109 11
0 70 34
51 52 38
101 57 34
64 35 45
96 89 12
90 39 37
35 95 31
67 56 32
10 103 4
63 48 26
94 17 31
24 15 27
80 45 12
18 88 20
106 16 36
18 5 15
54 103 42
112 102 39
33 20 39
112 33 13
21 72 47
19 6 18
79 61 22
76 28 26
27 44 41
35 52 1
20 63 22
59 94 36
90 33 5
39 97 16
75 38 27
111 25 23
103 104 5
63 30 32
92 97 36
44 36 26
0 55 11
58 50 3
79 67 44
17 71 37
32 64 28
38 30 5
46 54 12
109 46 20
52 90 4
47 77 29
2 94 50
51 23 30
11 100 46
39 67 8
86 83 35
66 73 29
104 78 17
4 79 13
25 82 29
28 62 12
63 23 48
54 91 30
25 27 47
13 35 16
32 63 5
84 15 9
31 78 50
85 69 41
68 3 32
1 110 3
52 79 2
38 31 35
11 112 16
105 65 34
50 32 20
39 82 32
110 90 46
25 59 32
106 52 4
80 1 14
73 35 8
110 85 40
94 4 16
40 3 10
7 10 41
13 4 30
105 36 24
31 73 4
5 102 18
95 34 6
108 44 6
85 51 42
24 20 6
102 74 34
19 75 47
4 22 17
68 101 8
104 49 42
92 58 42
83 69 31
102 73 15
50 85 43
12 22 23
9 71 9
99 68 44
100 26 8
71 107 30
12 103 15
2 112 45
83 74 14
99 46 6
5 72 39
81 93 5
110 106 8
18 43 8
74 42 25
14 62 9
19 107 34
110 88 38
10 27 45
24 34 22
58 45 35
36 81 24
104 43 41
50 65 11
7 100 30
23 87 12
43 71 19
35 47 48
110 25 6
98 82 42
82 4 24
9 70 39
33 0 3
40 59 47
30 64 2
63 82 31
37 28 4
79 29 39
76 71 38
110 2 7
50 39 25
54 44 50
26 57 42
4 44 13
18 103 1
41 38 2
100 14 15
91 97 1
93 17 31
63 53 5
25 4 21
47 82 42
52 99 2
11 80 41
63 11 15
40 26 23
70 79 48
79 99 33
97 45 26
76 107 48
107 102 22
79 20 26
73 107 6
99 49 48
57 35 23
82 14 44
34 11 39
95 90 19
38 100 34
82 59 17
69 102 11
10 47 23
1 19 17
15 35 14
106 54 13
37 54 46
108 19 45
89 10 22
1 38 46
31 89 37
108 66 46
10 6 12
29 46 18
11 71 33
43 97 3
15 17 49
48 46 40
53 99 29
0 13 40
107 23 15
89 106 49
73 11 29
107 85 19
49 21 30
96 19 20
5 70 10
43 39 33
7 22 8
46 102 7
47 64 50
4 7 39
17 6 29
41 16 25
75 54 20
110 95 8
58 85 35
103 67 7
110 44 17
75 65 44
34 46 33
60 45 18
107 45 41
0 85 42
109 74 21
30 76 30
83 26 47
71 93 7
64 60 26
80 68 3
43 4 33
15 99 31
4 111 42
20 87 41
7 2 31
76 12 23
43 24 1
87 36 16
18 44 2
110 77 43
35 89 24
100 17 47
12 50 8
94 87 42
57 103 10
35 112 16
29 112 8
15 88 26
75 74 3
13 22 2
105 0 19
47 57 36
101 62 37
82 44 42
26 84 21
55 111 26
0 5 48
71 66 16
74 96 25
89 86 18
61 31 2
79 21 20
3 13 18
35 74 8
48 104 38
31 34 47
36 49 12
48 33 2
18 28 5
38 11 31
69 71 7
50 94 19
59 36 19
60 17 42
68 109 21
86 55 8
71 94 37
8 50 18
61 56 25
73 40 38
65 55 28
23 27 4
24 56 10
44 6 22
112 68 35
40 28 27
75 93 29
14 61 6
70 77 14
75 91 48
31 91 28
86 70 5
10 24 30
34 22 16
8 54 4
43 40 20
67 65 36
8 0 18
61 104 16
6 92 39
95 94 6
43 106 42
87 66 40
103 47 42
5 103 1
102 66 8
63 85 34
80 27 36
59 30 19
35 100 18
25 0 2
8 65 37
56 1 24
23 109 1
58 53 21
66 94 20
7 93 47
71 45 2
109 16 40
10 106 31
84 7 10
39 87 40
78 52 23
103 3 30
7 83 10
23 86 25
89 68 14
40 100 43
90 103 6
41 87 6
62 9 37
87 30 40
31 70 16
47 49 31
81 80 50
10 58 46
70 110 24
59 83 45
64 102 8
53 0 12
8 19 38
45 28 50
106 76 41
3 64 9
10 62 5
43 96 26
51 112 29
25 105 10
111 48 40
60 108 27
50 36 12
74 104 2
31 16 4
91 93 6
24 59 44
29 84 8
83 104 14
99 95 37
94 42 7
14 97 3
11 98 35
69 39 2
50 57 18
10 46 1
52 74 43
104 76 25