32
212
27 15 27
25 1 26
17 18 4
10 25 21
6 29 1
13 11 27
1 8 27
21 23 7
25 6 6
3 12 14
15 7 7
14 0 7
29 18 17
1 28 20
5 2 29
1 15 21
24 17 3
17 6 27
26 31 25
19 2 7
23 17 19
11 0 15
0 29 15
7 30 21
7 3 2
5 4 3
14 28 16
31 14 24
23 27 9
22 30 15
25 30 24
15 5 22
0 12 18
20 17 24
24 31 9
12 31 21
0 31 11
28 18 18
9 8 12
22 1 8
0 16 7
8 17 7
20 5 1
5 29 22
18 10 15
13 17 7
16 17 6
15 13 28
1 22 8
17 12 7
31 12 18
18 21 17
18 9 20
3 14 2
19 0 8
3 13 25
26 30 12
16 13 4
24 15 4
8 0 7
25 0 11
27 18 26
14 4 2
29 27 21
29 30 26
14 24 22
16 8 28
7 8 11
26 1 15
25 29 28
14 11 10
12 18 24
5 12 7
0 26 29
24 11 27
30 11 13
19 18 11
9 12 12
30 6 5
6 20 21
7 24 19
3 30 6
8 22 23
2 8 13
13 16 21
0 9 19
17 16 16
18 6 4
27 6 1
25 8 24
10 31 27
8 13 5
11 14 1
10 18 22
24 18 8
4 26 27
7 21 24
30 14 26
30 25 1
16 1 17
9 15 23
11 10 14
29 20 8
21 13 1
11 24 11
5 23 22
9 5 18
24 23 6
21 0 28
0 11 12
11 8 12
22 21 13
30 0 9
28 5 22
13 22 17
19 15 24
7 5 16
19 16 5
20 23 9
1 13 22
24 8 16
6 16 9
10 29 28
20 16 29
20 21 27
21 29 8
2 16 8
23 4 20
10 6 29
27 30 25
10 5 15
5 15 20
23 3 20
30 13 21
8 15 9
3 6 28
21 16 26
20 3 24
0 30 3
19 8 28
23 14 25
23 5 21
8 30 1
17 4 26
4 7 24
26 17 24
31 17 6
2 4 15
10 27 21
1 19 8
28 27 20
15 9 2
16 26 7
22 27 1
29 21 2
7 20 25
16 22 27
1 0 17
0 2 14
4 30 1
7 14 6
5 30 28
19 20 5
26 18 7
18 25 7
27 9 2
8 10 18
17 10 6
13 15 25
4 22 7
4 27 29
30 4 5
10 17 15
19 3 5
17 30 1
5 6 1
25 24 13
16 5 22
5 10 12
8 14 14
9 13 28
8 4 5
27 14 22
1 2 13
0 19 25
8 24 25
27 17 23
6 23 8
8 31 28
1 27 19
11 28 1
24 28 12
3 4 16
20 0 9
13 30 13
13 12 3
2 20 27
26 21 16
10 24 18
6 27 28
26 16 26
0 14 9
7 27 8
20 1 26
16 14 11
4 16 19
23 11 27
15 23 12
31 24 13
13 31 2
15 19 25
24 4 16